-107.17	17.093	0.052663
-107.77	17.078	0.052663
-108.36	17.033	0.052663
-108.94	16.958	0.052663
-109.52	16.855	0.052663
-110.08	16.724	0.052663
-110.64	16.566	0.052663
-111.18	16.382	0.052663
-111.71	16.172	0.052663
-112.23	15.937	0.052663
-112.73	15.678	0.052663
-113.22	15.396	0.052663
-113.7	15.091	0.052663
-114.15	14.764	0.052663
-114.6	14.416	0.052663
-115.02	14.048	0.052663
-115.43	13.66	0.052663
-115.81	13.253	0.052663
-116.18	12.828	0.052663
-116.53	12.385	0.052663
-116.85	11.926	0.052663
-117.16	11.45	0.052663
-117.44	10.96	0.052663
-117.7	10.455	0.052663
-117.93	9.9358	0.052663
-118.14	9.4039	0.052663
-118.32	8.8597	0.052663
-118.48	8.304	0.052663
-118.61	7.7375	0.052663
-118.71	7.1609	0.052663
-118.79	6.575	0.052663
-118.83	5.9805	0.052663
-118.85	5.3781	0.052663
-118.85	2.3507	0.052663
-118.85	-7.1293	0.052663
-118.85	-30.433	0.052663
-118.85	-30.64	0.052663
-118.87	-30.854	0.052663
-118.9	-31.073	0.052663
-118.93	-31.296	0.052663
-118.98	-31.522	0.052663
-119.03	-31.751	0.052663
-119.17	-32.213	0.052663
-119.34	-32.676	0.052663
-119.54	-33.132	0.052663
-119.77	-33.577	0.052663
-120.03	-34.002	0.052663
-120.17	-34.205	0.052663
-120.31	-34.401	0.052663
-120.46	-34.589	0.052663
-120.62	-34.768	0.052663
-120.78	-34.938	0.052663
-120.95	-35.097	0.052663
-121.12	-35.245	0.052663
-121.3	-35.381	0.052663
-121.48	-35.504	0.052663
-121.66	-35.613	0.052663
-121.76	-35.662	0.052663
-121.85	-35.707	0.052663
-121.95	-35.749	0.052663
-122.04	-35.787	0.052663
-122.14	-35.82	0.052663
-122.24	-35.85	0.052663
-122.34	-35.875	0.052663
-122.44	-35.896	0.052663
-122.54	-35.912	0.052663
-122.64	-35.924	0.052663
-122.74	-35.931	0.052663
-122.84	-35.933	0.052663
-127.04	-35.933	0.052663
-137.25	-36.353	0.052663
-143.26	-36.353	0.052663
-143.48	-36.347	0.052663
-143.71	-36.33	0.052663
-143.93	-36.301	0.052663
-144.15	-36.261	0.052663
-144.36	-36.211	0.052663
-144.57	-36.15	0.052663
-144.77	-36.079	0.052663
-144.97	-35.998	0.052663
-145.17	-35.908	0.052663
-145.36	-35.808	0.052663
-145.55	-35.7	0.052663
-145.73	-35.582	0.052663
-145.9	-35.457	0.052663
-146.07	-35.323	0.052663
-146.23	-35.181	0.052663
-146.38	-35.032	0.052663
-146.53	-34.875	0.052663
-146.67	-34.711	0.052663
-146.8	-34.541	0.052663
-146.92	-34.364	0.052663
-147.03	-34.181	0.052663
-147.14	-33.993	0.052663
-147.24	-33.798	0.052663
-147.33	-33.599	0.052663
-147.41	-33.394	0.052663
-147.48	-33.185	0.052663
-147.54	-32.971	0.052663
-147.59	-32.753	0.052663
-147.62	-32.531	0.052663
-147.65	-32.305	0.052663
-147.67	-32.077	0.052663
-147.68	-31.845	0.052663
-147.68	10.991	0.052663
-147.68	10.991	0.052663
-147.69	21.652	0.052663
-147.7	26.056	0.052663
-147.7	26.388	0.052663
-147.7	26.72	0.052663
-147.7	27.051	0.052663
-147.7	27.383	0.052663
-147.7	27.715	0.052663
-147.7	28.046	0.052663
-147.7	28.378	0.052663
-147.71	28.71	0.052663
-147.71	29.041	0.052663
-147.71	29.373	0.052663
-147.71	29.705	0.052663
-147.71	30.036	0.052663
-147.71	30.368	0.052663
-147.71	30.7	0.052663
-147.71	31.032	0.052663
-147.71	31.363	0.052663
-147.71	31.695	0.052663
-147.71	32.027	0.052663
-147.71	32.358	0.052663
-147.71	32.69	0.052663
-147.71	33.022	0.052663
-147.71	33.353	0.052663
-147.71	33.685	0.052663
-147.71	34.017	0.052663
-147.72	34.348	0.052663
-147.72	34.68	0.052663
-147.72	35.012	0.052663
-147.72	35.343	0.052663
-147.72	35.675	0.052663
-147.72	36.007	0.052663
-147.72	36.339	0.052663
-147.72	36.67	0.052663
-147.72	37.002	0.052663
-147.72	37.34	0.052663
-147.72	37.677	0.052663
-147.72	38.015	0.052663
-147.72	38.353	0.052663
-147.72	38.69	0.052663
-147.72	39.028	0.052663
-147.72	39.366	0.052663
-147.72	39.703	0.052663
-147.72	40.041	0.052663
-147.72	40.379	0.052663
-147.72	40.717	0.052663
-147.72	41.054	0.052663
-147.72	41.392	0.052663
-147.72	41.73	0.052663
-147.72	42.067	0.052663
-147.72	42.405	0.052663
-147.72	42.743	0.052663
-147.72	43.08	0.052663
-147.72	43.418	0.052663
-147.72	43.756	0.052663
-147.72	44.094	0.052663
-147.72	44.431	0.052663
-147.72	44.769	0.052663
-147.72	45.107	0.052663
-147.72	45.444	0.052663
-147.72	45.782	0.052663
-147.72	46.12	0.052663
-147.72	46.457	0.052663
-147.72	46.795	0.052663
-147.72	47.133	0.052663
-147.72	47.47	0.052663
-147.72	47.808	0.052663
-147.72	48.146	0.052663
-147.72	48.484	0.052663
-147.72	48.821	0.052663
-147.72	49.159	0.052663
-147.72	49.497	0.052663
-147.72	49.834	0.052663
-147.72	50.172	0.052663
-147.72	50.51	0.052663
-147.72	50.847	0.052663
-147.72	51.185	0.052663
-147.72	51.523	0.052663
-147.72	51.861	0.052663
-147.72	52.198	0.052663
-147.72	52.536	0.052663
-147.72	52.874	0.052663
-147.72	53.211	0.052663
-147.72	53.549	0.052663
-147.72	53.887	0.052663
-147.72	54.224	0.052663
-147.72	54.562	0.052663
-147.72	54.9	0.052663
-147.72	55.237	0.052663
-147.72	55.575	0.052663
-147.72	55.913	0.052663
-147.72	56.251	0.052663
-147.72	56.588	0.052663
-147.72	56.926	0.052663
-147.72	57.264	0.052663
-147.72	57.601	0.052663
-147.72	57.939	0.052663
-147.72	58.277	0.052663
-147.72	58.614	0.052663
-147.72	58.952	0.052663
-147.72	59.29	0.052663
-147.72	59.627	0.052663
-147.72	59.965	0.052663
-147.72	60.303	0.052663
-147.72	60.641	0.052663
-147.72	60.978	0.052663
-147.72	61.316	0.052663
-147.72	61.654	0.052663
-147.72	61.991	0.052663
-147.72	62.329	0.052663
-147.72	62.667	0.052663
-147.72	63.004	0.052663
-147.72	63.342	0.052663
-147.72	63.68	0.052663
-147.72	64.018	0.052663
-147.72	64.355	0.052663
-147.72	64.693	0.052663
-147.72	65.031	0.052663
-147.72	65.368	0.052663
-147.72	65.706	0.052663
-147.72	66.044	0.052663
-147.72	66.381	0.052663
-147.72	66.719	0.052663
-147.72	67.057	0.052663
-147.72	67.394	0.052663
-147.72	67.732	0.052663
-147.72	68.07	0.052663
-147.72	68.408	0.052663
-147.72	68.745	0.052663
-147.72	69.083	0.052663
-147.72	69.421	0.052663
-147.72	69.758	0.052663
-147.72	70.096	0.052663
-147.72	70.434	0.052663
-147.72	70.771	0.052663
-147.7	71.104	0.052663
-147.67	71.437	0.052663
-147.65	71.77	0.052663
-147.63	72.103	0.052663
-147.6	72.436	0.052663
-147.58	72.769	0.052663
-147.56	73.102	0.052663
-147.53	73.434	0.052663
-147.51	73.767	0.052663
-147.49	74.1	0.052663
-147.46	74.433	0.052663
-147.44	74.766	0.052663
-147.42	75.099	0.052663
-147.39	75.432	0.052663
-147.37	75.765	0.052663
-147.35	76.097	0.052663
-147.32	76.43	0.052663
-147.3	76.763	0.052663
-147.28	77.096	0.052663
-147.25	77.429	0.052663
-147.23	77.762	0.052663
-147.21	78.095	0.052663
-147.18	78.428	0.052663
-147.16	78.76	0.052663
-147.14	79.093	0.052663
-147.11	79.426	0.052663
-147.09	79.759	0.052663
-147.07	80.092	0.052663
-147.04	80.425	0.052663
-147.02	80.758	0.052663
-147	81.09	0.052663
-146.97	81.423	0.052663
-146.95	81.756	0.052663
-146.93	82.089	0.052663
-146.9	82.422	0.052663
-146.88	82.755	0.052663
-146.86	83.088	0.052663
-146.83	83.421	0.052663
-146.81	83.753	0.052663
-146.79	84.086	0.052663
-146.76	84.419	0.052663
-146.74	84.752	0.052663
-146.72	85.085	0.052663
-146.69	85.418	0.052663
-146.67	85.751	0.052663
-146.65	86.084	0.052663
-146.62	86.416	0.052663
-146.6	86.749	0.052663
-146.58	87.082	0.052663
-146.55	87.415	0.052663
-146.53	87.748	0.052663
-146.51	88.081	0.052663
-145.78	88.422	0.052663
-145.78	98.786	0.052663
-145.78	106.04	0.052663
-145.78	106.22	0.052663
-145.76	106.4	0.052663
-145.74	106.58	0.052663
-145.71	106.75	0.052663
-145.67	106.92	0.052663
-145.62	107.09	0.052663
-145.56	107.26	0.052663
-145.5	107.42	0.052663
-145.43	107.57	0.052663
-145.35	107.73	0.052663
-145.26	107.87	0.052663
-145.17	108.02	0.052663
-145.07	108.16	0.052663
-144.96	108.29	0.052663
-144.85	108.42	0.052663
-144.73	108.54	0.052663
-144.61	108.66	0.052663
-144.48	108.77	0.052663
-144.35	108.88	0.052663
-144.21	108.98	0.052663
-144.06	109.07	0.052663
-143.91	109.15	0.052663
-143.76	109.23	0.052663
-143.6	109.3	0.052663
-143.44	109.37	0.052663
-143.27	109.42	0.052663
-143.1	109.47	0.052663
-142.93	109.51	0.052663
-142.76	109.54	0.052663
-142.58	109.56	0.052663
-142.4	109.58	0.052663
-142.21	109.58	0.052663
-112.21	109.58	0.052663
-90.21	109.58	0.052663
-78.576	109.58	0.052663
-64.594	109.58	0.05266
-43	109.58	0.05266
-18	109.58	0.05266
7.1855	109.58	0.05266
7.3689	109.58	0.05266
7.5499	109.56	0.05266
7.7283	109.54	0.05266
7.9039	109.51	0.05266
8.0763	109.47	0.05266
8.2455	109.42	0.05266
8.4113	109.37	0.05266
8.5732	109.3	0.05266
8.7312	109.23	0.05266
8.885	109.15	0.05266
9.0344	109.07	0.05266
9.1791	108.98	0.05266
9.319	108.88	0.05266
9.4538	108.77	0.05266
9.5832	108.66	0.05266
9.7072	108.54	0.05266
9.8253	108.42	0.05266
9.9375	108.29	0.05266
10.043	108.16	0.05266
10.143	108.02	0.05266
10.236	107.87	0.05266
10.322	107.73	0.05266
10.401	107.57	0.05266
10.472	107.42	0.05266
10.536	107.26	0.05266
10.592	107.09	0.05266
10.64	106.92	0.05266
10.68	106.75	0.05266
10.711	106.58	0.05266
10.734	106.4	0.05266
10.748	106.22	0.05266
10.753	106.04	0.05266
10.753	98.786	0.05266
10.748	98.603	0.05266
10.734	98.423	0.05266
10.711	98.246	0.05266
10.68	98.071	0.05266
10.64	97.899	0.05266
10.592	97.731	0.05266
10.536	97.566	0.05266
10.472	97.405	0.05266
10.401	97.247	0.05266
10.322	97.094	0.05266
10.236	96.946	0.05266
10.143	96.802	0.05266
10.043	96.662	0.05266
9.9375	96.528	0.05266
9.8253	96.399	0.05266
9.7072	96.276	0.05266
9.5832	96.158	0.05266
9.4538	96.047	0.05266
9.319	95.941	0.05266
9.1791	95.842	0.05266
9.0344	95.75	0.05266
8.885	95.664	0.05266
8.7312	95.586	0.05266
8.5732	95.515	0.05266
8.4113	95.451	0.05266
8.2455	95.395	0.05266
8.0763	95.347	0.05266
7.9038	95.308	0.05266
7.7283	95.276	0.05266
7.5499	95.254	0.05266
7.3689	95.24	0.05266
7.1855	95.236	0.05266
-10.155	95.236	0.05266
-30.155	95.236	0.05266
-45.155	95.236	0.05266
-65.305	95.236	0.05266
-65.656	95.226	0.05266
-66.019	95.199	0.05266
-66.393	95.155	0.05266
-66.776	95.093	0.05266
-67.167	95.015	0.05266
-67.564	94.921	0.05266
-68.37	94.687	0.05266
-69.183	94.395	0.05266
-69.989	94.048	0.05266
-70.777	93.65	0.05266
-71.534	93.206	0.05266
-71.897	92.967	0.05266
-72.248	92.718	0.05266
-72.585	92.46	0.05266
-72.907	92.192	0.05266
-73.211	91.915	0.05266
-73.498	91.629	0.05266
-73.764	91.336	0.05266
-74.009	91.036	0.05266
-74.231	90.728	0.05266
-74.428	90.414	0.05266
-74.517	90.255	0.05266
-74.599	90.095	0.05266
-74.674	89.933	0.05266
-74.742	89.769	0.05266
-74.803	89.605	0.05266
-74.857	89.439	0.05266
-74.902	89.272	0.05266
-74.94	89.104	0.05266
-74.97	88.935	0.05266
-74.991	88.765	0.05266
-75.004	88.594	0.05266
-75.009	88.422	0.05266
-75.009	81.17	0.05266
-73.712	65.651	0.05266
-73.712	45.651	0.05266
-73.712	21.321	0.05266
-73.712	5.0726	0.05266
-73.712	-27.801	0.05266
-73.644	-29.545	0.05266
-73.515	-31.173	0.05266
-73.332	-32.701	0.05266
-73.103	-34.148	0.05266
-72.54	-36.864	0.05266
-71.891	-39.458	0.05266
-70.589	-44.832	0.05266
-70.065	-47.885	0.05266
-69.863	-49.563	0.05266
-69.711	-51.366	0.05266
-69.718	-62.057	0.05266
-70.091	-66.128	0.05266
-69.959	-85.214	0.05266
